1 1 7 4 2 4 5 2 12 1 
2 0 12 12 2 5 1 5 2 5 1 9 7 12 2 
3 1 15 7 4 12 2 2 9 12 7 2 5 1 2 12 2 1 
4 1 25 9 3 4 1 2 5 1 1 5 2 2 1 5 1 4 4 3 7 5 4 5 12 2 7 3 
5 1 31 3 7 3 3 2 1 7 9 5 9 9 3 2 1 3 12 2 1 5 9 12 2 5 5 3 12 4 1 3 9 7 
6 0 18 7 2 2 5 1 1 5 1 4 12 3 12 1 12 1 7 7 1 
7 1 20 7 7 5 7 2 5 4 5 2 12 3 9 1 2 12 2 12 1 9 9 
8 1 5 5 2 9 4 5 
9 1 26 12 9 3 9 1 1 2 1 3 3 3 3 7 5 2 1 7 4 12 5 2 1 7 9 4 7 
10 0 26 4 12 7 4 2 9 9 2 1 9 12 5 3 2 2 2 9 5 1 3 9 9 9 12 7 7 
11 1 29 1 2 1 12 2 4 3 1 4 12 3 5 12 2 2 3 7 7 4 3 9 1 2 9 12 2 5 9 1 
12 0 16 4 1 1 1 9 4 1 5 3 5 2 4 9 5 2 9 
13 0 22 3 1 5 2 12 12 1 9 1 2 1 1 1 2 3 1 2 12 1 12 5 12 
14 0 14 1 4 5 5 3 1 1 3 5 2 5 7 4 5 
15 1 19 2 9 2 12 12 5 1 2 7 5 1 2 2 1 4 12 12 1 3
