1 1 7 12 6 12 16 4 39 2 
2 0 12 39 6 16 1 16 4 16 2 27 21 39 4 
3 1 15 21 12 39 4 4 27 39 21 6 16 2 4 39 6 2 
8 1 25 27 9 12 1 6 16 2 1 16 6 4 1 16 2 12 12 9 21 16 12 16 39 6 21 9 
10 1 31 9 21 9 9 6 1 21 27 16 27 27 9 6 2 9 39 4 1 16 27 39 4 16 16 9 39 12 1 9 27 21 
11 0 18 21 4 4 16 2 1 16 2 12 39 9 39 1 39 2 21 21 2 
12 1 20 21 21 16 21 6 16 12 16 6 39 9 27 2 4 39 6 39 1 27 27 
14 1 5 16 6 27 12 16 
15 1 26 39 27 9 27 2 1 6 1 9 9 9 9 21 16 6 2 21 12 39 16 4 2 21 27 12 21 
18 0 26 12 39 21 12 6 27 27 6 2 27 39 16 9 6 6 6 27 16 1 9 27 27 27 39 21 21
